((("concat" .
   [1 0 0 0 0 0])
  ("p" .
   [1])
  ("for" .
   [2 0 0])
  ("return" .
   [2 0 0 0 0 0])
  ("entry" .
   [2 0 0 0 0])
  ("id" .
   [6 0])
  ("get" .
   [1 0 0])
  ("guestpubs" .
   [2 0 1 0 0 1 0 0 0])
  ("var" .
   [5 0 0])
  ("stringify" .
   [1 0 0 0 0 0 0 0 0])
  ("JSON" .
   [2 0 0 0])
  ("data" .
   [2 0 0 0])
  ("Error" .
   [0 0 0 0 1])
  ("success" .
   [1 0 0 0 0 0 0])
  ("$http" .
   [0 0 0 1 0])
  ("Guestpubs" .
   [0 0 0 2 0 1 0 0 1])
  ("all" .
   [2 0 0])
  ("a" .
   [1])
  ("window" .
   [2 0 0 0 0 0])
  ("ret" .
   [2 0 0])
  ("read" .
   [1 0 0 0])
  ("response" .
   [2 0 0 0 0 0 0 0])
  ("req" .
   [1 0 0])
  ("print" .
   [0 0 0 1 0])
  ("url" .
   [1 0 0])
  ("ipdb" .
   [14 0 0 0])
  ("the_page" .
   [0 0 0 0 0 0 1 0])
  ("urllib2" .
   [1 0 0 0 0 0 0])
  ("urllib" .
   [1 0 0 0 0 0])
  ("lng" .
   [4 0 0])
  ("lat" .
   [4 0 0])
  ("nil" .
   [1 0 0])
  ("setq" .
   [3 0 0 0])
  ("tango-dark" .
   [0 0 0 0 0 1 0 0 0 0])
  ("ANDROID_BIN" .
   [0 0 0 1 0 0 0 0 0 0 0])
  ("uuid" .
   [2 0 0 0])
  ("tok" .
   [7 0 0])
  ("token" .
   [2 0 0 0 0])
  ("맑음" .
   [1 0])
  ("$scope" .
   [4 0 0 0 0 1])
  ("initmap" .
   [1 0 0 0 0 0 0])
  ("if" .
   [3 0])
  ("sleep" .
   [3 0 0 0 0])
  ("console" .
   [11 0 0 0 0 0 0])
  ("log" .
   [12 0 0])
  ("function" .
   [6 0 0 0 0 1 0 0])
  ("$stateParams" .
   [1 0 0 0 0 0 0 0 0 0 0 0])
  ("price" .
   [2 0 0 0 0])
  ("getbyprice" .
   [2 0 0 0 0 0 0 0 0 0])
  ("msg" .
   [1 0 0])
  ("self" .
   [1 0 0 0])
  ("set_trace" .
   [2 0 0 0 0 0 0 0 0])
  ("name_price" .
   [1 0 0 0 0 0 0 0 0 0])
  ("name" .
   [2 0 0 0])
  ("cnt" .
   [3 0 0])
  ("item" .
   [1 0 0 0])
  ("getbyid" .
   [1 0 0 0 0 0 0])
  ("math" .
   [6 0 0 0])
  ("values" .
   [3 0 0 0 0 0])
  ("value" .
   [4 0 0 0 0])
  ("sin" .
   [1 0 0])
  ("s" .
   [1])
  ("cos" .
   [1 0 0])))
